26063 1834 -14.2  -8.0  -3.6   1.6   8.6  13.0  17.3  18.4  10.0   4.6  -1.9  -5.7
26063 1835  -6.0  -3.7  -1.7   1.4   7.6  15.6  17.2  12.6  10.4   4.8  -5.1 -12.6
26063 1836  -9.8  -6.0   1.2   5.6   6.7  12.8  14.8  13.8   9.3   7.1  -1.8  -5.4
26063 1837  -9.5  -4.3  -5.6   1.7   9.3  13.3  14.1  16.2   9.8   2.7   1.2  -7.6
26063 1838 -15.8 -14.8  -7.7   1.7   7.7  12.1  16.5  14.8  13.2   3.3  -1.8  -3.6
26063 1839  -7.6  -9.4 -10.0  -2.3  13.4  14.0  19.0  16.8  11.4   4.4  -3.3 -14.2
26063 1840  -7.8  -9.7  -6.9   0.6   7.1  14.2  16.3  14.8  10.9   2.9  -4.2 -12.8
26063 1841  -9.9 -10.3  -3.4   4.2  11.0  17.3  16.7  16.6  10.3   5.9  -0.8  -0.9
26063 1842 -10.5  -2.8  -3.4  -0.5  10.7  13.9  16.7  17.1   9.4   3.0  -2.1  -1.6
26063 1843  -1.9  -2.4  -4.2  -0.3   5.4  15.2  16.9  17.8  10.2   4.7  -2.1  -2.7
26063 1844  -8.8 -14.6  -5.6   1.7  11.3  13.1  16.0  16.7  11.4   4.6  -5.1  -8.3
26063 1845  -3.3 -13.6 -10.3  -1.7   5.8  12.8  17.4  16.3  10.7   3.4   1.2  -4.1
26063 1846 -10.0 -12.7  -0.2   2.5   6.8  12.2  18.5  19.4  10.6   7.5  -1.0  -8.4
26063 1847  -6.2 -11.6  -5.6  -1.6   7.0  15.5  15.3  18.4  13.5   4.5   2.1  -3.6
26063 1848 -13.1  -3.6   0.2   5.8   9.2  14.0  15.5  14.4  10.6   4.1  -0.5  -6.3
26063 1849 -12.9  -7.1  -5.3   0.6   8.0  11.8  16.2  16.0  10.4   4.1   0.7  -7.9
26063 1850 -15.1  -7.3  -7.2   2.1  10.9  15.0  17.7  17.6   9.7   3.6  -1.6  -2.0
26063 1851  -6.6 -10.8  -6.7   4.5   8.3  14.0  18.6  15.4  13.1   6.0   2.7  -2.2
26063 1852  -8.1  -9.7  -3.4  -2.4   8.1  16.3  15.3  15.9  11.4   1.6  -6.0  -3.8
26063 1853  -4.5  -5.6  -7.8   0.4   8.7  15.4  17.8  15.0  10.4   6.1  -0.1  -5.0
26063 1854 -11.9  -8.6  -5.2   1.3  11.7  16.2  19.1  18.1   9.6   7.2  -1.4  -2.5
26063 1855  -8.5 -14.6  -6.1   2.6  10.4  15.8  19.4  14.7  10.0   6.3  -2.7  -9.4
26063 1856  -6.5 -11.8 -10.6   0.8   9.0  14.1  17.5  12.6   9.1   3.8  -6.2  -5.7
26063 1857  -9.1  -4.3  -0.5   1.4   7.0  13.3  15.7  16.5   8.9   6.2  -0.5  -1.6
26063 1858  -5.7  -6.5  -4.0   1.5  11.1  14.6  19.8  17.5  11.7   6.6  -4.4  -4.0
26063 1859  -3.3  -3.5  -3.8   3.4  10.7  17.0  16.5  15.0  10.5   3.7   0.2  -4.3
26063 1860  -6.3 -10.0  -5.3   3.9   8.3  16.3  18.3  16.5  12.1   4.6  -2.1 -11.2
26063 1861 -17.5  -5.5  -0.1  -0.4   7.6  15.1  21.0  15.9  10.0   5.4  -2.9  -4.7
26063 1862 -17.3 -14.3  -6.6   2.0   7.9  13.0  15.2  13.0   9.7   4.6  -4.2  -8.4
26063 1863  -2.1  -3.8  -1.8   3.7   9.3  14.2  15.2  15.8  14.3   6.6   2.0  -3.6
26063 1864  -6.4  -5.8  -2.7   2.8   5.0  16.8  19.4  14.2  10.3   1.9  -6.1  -6.0
26063 1865  -5.6 -11.0  -5.6   1.3   8.1  11.3  20.2  13.4   9.8   3.6   0.5  -2.9
26063 1866  -1.6 -10.8  -5.1   2.7   7.6  15.9  16.3  17.6  14.1   4.0  -2.1  -6.4
26063 1867 -12.8  -6.6  -9.1  -0.7   2.1  13.9  16.7  14.7   8.6   6.1  -4.1 -11.3
26063 1868 -12.1 -10.3  -1.6   1.6   8.9  14.3  18.9  18.3  10.5   6.7  -4.6  -4.8
26063 1869 -10.4  -3.7  -1.3   3.1   9.6  13.8  18.1  16.5  11.2   5.0  -0.4  -2.7
26063 1870  -5.4 -12.8  -4.4   2.8   7.4  15.0  17.8  14.5   9.9   3.7   0.2 -13.6
26063 1871 -10.5 -19.5  -0.4   0.5   5.5  12.5  19.4  15.5   7.9   3.2  -2.7  -5.1
26063 1872  -4.7 -10.1  -4.1   3.9  11.5  16.7  16.5  16.4   9.8   6.5   1.0  -4.8
26063 1873  -5.7  -9.8  -4.3  -0.9   7.2  16.6  18.3  15.5  12.1   6.4  -2.5  -4.7
26063 1874  -2.5  -6.2  -4.1   1.4   6.0  13.2  16.5  15.2  11.3   7.9  -0.8  -6.7
26063 1875 -14.7  -8.3  -7.4  -1.2   8.2  14.9  18.2  14.8   8.6   1.6  -4.6 -13.0
26063 1876  -9.9  -9.1  -1.0   2.6   4.2  17.9  17.8  15.8  12.3   3.6  -4.0 -15.7
26063 1877 -10.3  -9.5  -8.0   0.4   6.2  13.1  17.0  14.3   7.6   4.7   4.1  -4.5
26063 1878  -9.2  -6.0  -3.5   3.2   7.8  15.3  14.1  15.2  12.6   8.6   1.9  -2.6
26063 1879 -10.2  -5.5  -4.9   1.7  10.5  14.3  15.0  16.2  12.3   5.4  -3.7  -6.8
26063 1880  -8.4  -5.3  -5.3   1.8   8.5  14.1  16.9  17.8  12.8  -0.5  -1.8  -6.7
26063 1881 -11.8  -9.3  -6.4  -1.0   6.7  14.7  17.1  15.1  10.8   2.8   0.0  -4.9
26063 1882  -1.5  -3.8  -0.1   3.7  10.5  14.8  18.8  19.0  12.1   2.8  -5.1 -11.0
26063 1883 -12.9  -8.8  -8.2   3.1   9.6  17.2  17.3  14.5  12.1   5.2   2.7  -2.5
26063 1884  -6.6  -6.4  -5.4   0.6   6.5  15.5  17.0  13.6  10.7   6.3  -2.4  -6.6
26063 1885  -6.7  -4.9  -3.9   1.3   8.7  13.6  20.8  15.3   9.0   4.3  -3.2  -4.6
26063 1886  -9.5  -9.5  -5.9   4.7   9.7  15.9  18.0  16.8  10.1   4.2   1.6  -2.0
26063 1887  -4.4  -3.5  -3.9   3.0  10.9  13.0  17.7  15.2  12.6   3.1  -0.5  -6.7
26063 1888 -11.5 -12.1 -10.1   1.9   7.2  12.5  15.7  15.4  10.7   3.4  -1.4  -8.2
26063 1889  -7.9 -11.1  -7.3   2.0  12.3  15.3  17.2  15.1   9.5   7.2   2.0  -3.9
26063 1890  -5.8  -5.2   0.4   6.3  11.0  15.4  17.5  16.6  12.0   3.7  -3.0  -6.5
26063 1891  -9.1  -3.6  -2.8   3.0   9.9  13.1  18.3  13.6   9.7   5.5  -5.4  -3.0
26063 1892 -10.7  -8.4  -5.0   1.1   8.5  12.0  16.2  14.7  11.6   4.0  -0.6 -10.5
